  1000.000
   998.016
   996.032
   994.048
   992.064
   990.080
   988.096
   986.112
   984.128
   982.144
   980.160
   978.176
   976.192
   974.208
   972.224
   970.240
   968.257
   966.273
   964.289
   962.305
   960.321
   958.337
   956.353
   954.369
   952.385
   950.401
   948.417
   946.433
   944.449
   942.465
   940.481
   938.497
   936.513
   934.529
   932.545
   930.561
   928.577
   926.593
   924.609
   922.625
   920.641
   918.657
   916.673
   914.689
   912.705
   910.721
   908.737
   906.754
   904.770
   902.786
   900.802
   898.818
   896.834
   894.850
   892.866
   890.882
   888.898
   886.914
   884.930
   882.946
   880.962
   878.978
   876.994
   875.010
   873.026
   871.042
   869.058
   867.074
   865.090
   863.106
   861.122
   859.138
   857.154
   855.170
   853.186
   851.202
   849.218
   847.234
   845.251
   843.267
   841.283
   839.299
   837.315
   835.331
   833.347
   831.363
   829.379
   827.395
   825.411
   823.427
   821.443
   819.459
   817.475
   815.491
   813.507
   811.523
   809.539
   807.555
   805.571
   803.587
   801.603
   799.619
   797.635
   795.651
   793.667
   791.683
   789.699
   787.715
   785.731
   783.747
   781.764
   779.780
   777.796
   775.812
   773.828
   771.844
   769.860
   767.876
   765.892
   763.908
   761.924
   759.940
   757.956
   755.972
   753.988
   752.004
   750.020
   748.036
   746.052
   744.068
   742.084
   740.100
   738.116
   736.132
   734.148
   732.164
   730.180
   728.196
   726.212
   724.228
   722.244
   720.261
   718.277
   716.293
   714.309
   712.325
   710.341
   708.357
   706.373
   704.389
   702.405
   700.421
   698.437
   696.453
   694.469
   692.485
   690.501
   688.517
   686.533
   684.549
   682.565
   680.581
   678.597
   676.613
   674.629
   672.645
   670.661
   668.677
   666.693
   664.709
   662.725
   660.741
   658.758
   656.774
   654.790
   652.806
   650.822
   648.838
   646.854
   644.870
   642.886
   640.902
   638.918
   636.934
   634.950
   632.966
   630.982
   628.998
   627.014
   625.030
   623.046
   621.062
   619.078
   617.094
   615.110
   613.126
   611.142
   609.158
   607.174
   605.190
   603.206
   601.222
   599.238
   597.255
   595.271
   593.287
   591.303
   589.319
   587.335
   585.351
   583.367
   581.383
   579.399
   577.415
   575.431
   573.447
   571.463
   569.479
   567.495
   565.511
   563.527
   561.543
   559.559
   557.575
   555.591
   553.607
   551.623
   549.639
   547.655
   545.671
   543.687
   541.703
   539.719
   537.735
   535.752
   533.768
   531.784
   529.800
   527.816
   525.832
   523.848
   521.864
   519.880
   517.896
   515.912
   513.928
   511.944
   509.960
   507.976
   505.992
   504.008
   502.024
   500.040
   498.056
   496.072
   494.088
   492.104
   490.120
   488.136
   486.152
   484.168
   482.184
   480.200
   478.216
   476.232
   474.248
   472.265
   470.281
   468.297
   466.313
   464.329
   462.345
   460.361
   458.377
   456.393
   454.409
   452.425
   450.441
   448.457
   446.473
   444.489
   442.505
   440.521
   438.537
   436.553
   434.569
   432.585
   430.601
   428.617
   426.633
   424.649
   422.665
   420.681
   418.697
   416.713
   414.729
   412.745
   410.762
   408.778
   406.794
   404.810
   402.826
   400.842
   398.858
   396.874
   394.890
   392.906
   390.922
   388.938
   386.954
   384.970
   382.986
   381.002
   379.018
   377.034
   375.050
   373.066
   371.082
   369.098
   367.114
   365.130
   363.146
   361.162
   359.178
   357.194
   355.210
   353.226
   351.242
   349.259
   347.275
   345.291
   343.307
   341.323
   339.339
   337.355
   335.371
   333.387
   331.403
   329.419
   327.435
   325.451
   323.467
   321.483
   319.499
   317.515
   315.531
   313.547
   311.563
   309.579
   307.595
   305.611
   303.627
   301.643
   299.659
   297.675
   295.691
   293.707
   291.723
   289.739
   287.756
   285.772
   283.788
   281.804
   279.820
   277.836
   275.852
   273.868
   271.884
   269.900
   267.916
   265.932
   263.948
   261.964
   259.980
   257.996
   256.012
   254.028
   252.044
   250.060
   248.076
   246.092
   244.108
   242.124
   240.140
   238.156
   236.172
   234.188
   232.204
   230.220
   228.236
   226.253
   224.269
   222.285
   220.301
   218.317
   216.333
   214.349
   212.365
   210.381
   208.397
   206.413
   204.429
   202.445
   200.461
   198.477
   196.493
   194.509
   192.525
   190.541
   188.557
   186.573
   184.589
   182.605
   180.621
   178.637
   176.653
   174.669
   172.685
   170.701
   168.717
   166.733
   164.749
   162.766
   160.782
   158.798
   156.814
   154.830
   152.846
   150.862
   148.878
   146.894
   144.910
   142.926
   140.942
   138.958
   136.974
   134.990
   133.006
   131.022
   129.038
   127.054
   125.070
   123.086
   121.102
   119.118
   117.134
   115.150
   113.166
   111.182
   109.198
   107.214
   105.230
   103.246
   101.263
    99.279
    97.295
    95.311
    93.327
    91.343
    89.359
    87.375
    85.391
    83.407
    81.423
    79.439
    77.455
    75.471
    73.487
    71.503
    69.519
    67.535
    65.551
    63.567
    61.583
    59.599
    57.615
    55.631
    53.647
    51.663
    49.679
    47.695
    45.711
    43.727
    41.743
    39.760
    37.776
    35.792
    33.808
    31.824
    29.840
    27.856
    25.872
    23.888
    21.904
    19.920
    17.936
    15.952
    13.968
    11.984
    10.000
