   100.000
    97.719
    95.490
    93.313
    91.184
    89.105
    87.072
    85.086
    83.146
    81.249
    79.396
    77.585
    75.816
    74.087
    72.397
    70.746
    69.132
    67.555
    66.014
    64.509
    63.038
    61.600
    60.195
    58.822
    57.480
    56.169
    54.888
    53.636
    52.413
    51.218
    50.049
    48.908
    47.792
    46.702
    45.637
    44.596
    43.579
    42.585
    41.614
    40.665
    39.737
    38.831
    37.945
    37.080
    36.234
    35.408
    34.600
    33.811
    33.040
    32.286
    31.550
    30.830
    30.127
    29.440
    28.769
    28.112
    27.471
    26.845
    26.232
    25.634
    25.049
    24.478
    23.920
    23.374
    22.841
    22.320
    21.811
    21.314
    20.828
    20.352
    19.888
    19.435
    18.991
    18.558
    18.135
    17.721
    17.317
    16.922
    16.536
    16.159
    15.791
    15.430
    15.078
    14.735
    14.398
    14.070
    13.749
    13.436
    13.129
    12.830
    12.537
    12.251
    11.972
    11.699
    11.432
    11.171
    10.916
    10.667
    10.424
    10.186
     9.954
     9.727
     9.505
     9.288
     9.076
     8.869
     8.667
     8.469
     8.276
     8.088
     7.903
     7.723
     7.547
     7.375
     7.206
     7.042
     6.881
     6.724
     6.571
     6.421
     6.275
     6.132
     5.992
     5.855
     5.722
     5.591
     5.464
     5.339
     5.217
     5.098
     4.982
     4.868
     4.757
     4.649
     4.543
     4.439
     4.338
     4.239
     4.142
     4.048
     3.955
     3.865
     3.777
     3.691
     3.607
     3.524
     3.444
     3.366
     3.289
     3.214
     3.140
     3.069
     2.999
     2.930
     2.864
     2.798
     2.734
     2.672
     2.611
     2.552
     2.493
     2.437
     2.381
     2.327
     2.274
     2.222
     2.171
     2.122
     2.073
     2.026
     1.980
     1.935
     1.890
     1.847
     1.805
     1.764
     1.724
     1.684
     1.646
     1.608
     1.572
     1.536
     1.501
     1.467
     1.433
     1.401
     1.369
     1.337
     1.307
     1.277
     1.248
     1.219
     1.192
     1.164
     1.138
     1.112
     1.087
     1.062
     1.038
     1.014
     0.991
     0.968
     0.946
     0.925
     0.903
     0.883
     0.863
     0.843
     0.824
     0.805
     0.787
     0.769
     0.751
     0.734
     0.717
     0.701
     0.685
     0.669
     0.654
     0.639
     0.625
     0.610
     0.596
     0.583
     0.570
     0.557
     0.544
     0.531
     0.519
     0.507
     0.496
     0.485
     0.474
     0.463
     0.452
     0.442
     0.432
     0.422
     0.412
     0.403
     0.394
     0.385
     0.376
     0.367
     0.359
     0.351
     0.343
     0.335
     0.327
     0.320
     0.313
     0.305
     0.299
     0.292
     0.285
     0.279
     0.272
     0.266
     0.260
     0.254
     0.248
     0.243
     0.237
     0.232
     0.226
     0.221
     0.216
     0.211
     0.206
     0.202
     0.197
     0.193
     0.188
     0.184
     0.180
     0.176
     0.172
     0.168
     0.164
     0.160
     0.156
     0.153
     0.149
     0.146
     0.143
     0.139
     0.136
     0.133
     0.130
     0.127
     0.124
     0.121
     0.119
     0.116
     0.113
     0.111
     0.108
     0.106
     0.103
     0.101
     0.099
     0.096
     0.094
     0.092
     0.090
     0.088
     0.086
     0.084
     0.082
     0.080
     0.078
     0.077
     0.075
     0.073
     0.071
     0.070
     0.068
     0.067
     0.065
     0.064
     0.062
     0.061
     0.059
     0.058
     0.057
     0.055
     0.054
     0.053
     0.052
     0.051
     0.049
     0.048
     0.047
     0.046
     0.045
     0.044
     0.043
     0.042
     0.041
     0.040
     0.039
     0.038
     0.037
     0.037
     0.036
     0.035
     0.034
     0.033
     0.033
     0.032
     0.031
     0.030
     0.030
     0.029
     0.028
     0.028
     0.027
     0.026
     0.026
     0.025
     0.025
     0.024
     0.024
     0.023
     0.023
     0.022
     0.022
     0.021
     0.021
     0.020
     0.020
     0.019
     0.019
     0.018
     0.018
     0.017
     0.017
     0.017
     0.016
     0.016
     0.016
     0.015
     0.015
     0.015
     0.014
     0.014
     0.014
     0.013
     0.013
     0.013
     0.012
     0.012
     0.012
     0.012
     0.011
     0.011
     0.011
     0.011
     0.010
     0.010
     0.010
     0.010
     0.009
     0.009
     0.009
     0.009
     0.009
     0.008
     0.008
     0.008
     0.008
     0.008
     0.007
     0.007
     0.007
     0.007
     0.007
     0.007
     0.006
     0.006
     0.006
     0.006
     0.006
     0.006
     0.006
     0.006
     0.005
     0.005
     0.005
     0.005
     0.005
     0.005
     0.005
     0.005
     0.004
     0.004
     0.004
     0.004
     0.004
     0.004
     0.004
     0.004
     0.004
     0.004
     0.004
     0.003
     0.003
     0.003
     0.003
     0.003
     0.003
     0.003
     0.003
     0.003
     0.003
     0.003
     0.003
     0.003
     0.003
     0.003
     0.002
     0.002
     0.002
     0.002
     0.002
     0.002
     0.002
     0.002
     0.002
     0.002
     0.002
     0.002
     0.002
     0.002
     0.002
     0.002
     0.002
     0.002
     0.002
     0.002
     0.002
     0.002
     0.001
     0.001
     0.001
     0.001
     0.001
     0.001
     0.001
     0.001
     0.001
     0.001
     0.001
     0.001
     0.001
     0.001
     0.001
     0.001
     0.001
     0.001
